9.263001569681645481e-03 9.959575543203638137e-01
4.918864097363083165e-01 2.450732693279434049e-01
6.114285714285714324e-01 1.622031328954017249e-01
6.567901234567901092e-01 1.344113188479029719e-01
7.056962025316455556e-01 1.126831733198585123e-01
7.346153846153846700e-01 9.651339060131379488e-02
7.706422018348624281e-01 8.489135927235977319e-02
7.897435897435897134e-01 7.781707933299646107e-02
8.089887640449437978e-01 7.276402223345124209e-02
8.417721518987342222e-01 6.720565942395148595e-02
8.450704225352112520e-01 6.063668519454269712e-02
8.549618320610686828e-01 5.659423951490651777e-02
8.617886178861788871e-01 5.356240525517938500e-02
8.771929824561403022e-01 5.053057099545224529e-02
8.807339449541284893e-01 4.850934815563415908e-02
8.962264150943396457e-01 4.800404244567963580e-02
9.009900990099010132e-01 4.598281960586154959e-02
9.247311827956988806e-01 4.345629105608893317e-02
9.318181818181817677e-01 4.143506821627084696e-02
9.634146341463414309e-01 3.991915108640727711e-02
9.605263157894736725e-01 3.688731682668014433e-02
9.722222222222222099e-01 3.537139969681657448e-02
9.852941176470588758e-01 3.385548256695300462e-02
9.850746268656715987e-01 3.335017685699848133e-02
9.848484848484848619e-01 3.284487114704396499e-02
9.843750000000000000e-01 3.183425972713491842e-02
9.841269841269840724e-01 3.132895401718039513e-02
9.830508474576271638e-01 2.930773117736230546e-02
9.830508474576271638e-01 2.930773117736230546e-02
9.830508474576271638e-01 2.930773117736230546e-02
9.827586206896551380e-01 2.880242546740778217e-02
9.821428571428570953e-01 2.779181404749873560e-02
9.814814814814815103e-01 2.678120262758969250e-02
9.791666666666666297e-01 2.374936836786255626e-02
9.791666666666666297e-01 2.374936836786255626e-02
9.787234042553191182e-01 2.324406265790803297e-02
9.777777777777777457e-01 2.223345123799898987e-02
9.767441860465115866e-01 2.122283981808994330e-02
9.767441860465115866e-01 2.122283981808994330e-02
9.749999999999999778e-01 1.970692268822637691e-02
9.743589743589743390e-01 1.920161697827185363e-02
9.743589743589743390e-01 1.920161697827185363e-02
9.736842105263158187e-01 1.869631126831733034e-02
9.736842105263158187e-01 1.869631126831733034e-02
9.722222222222222099e-01 1.768569984840828724e-02
9.705882352941176405e-01 1.667508842849924067e-02
9.705882352941176405e-01 1.667508842849924067e-02
9.705882352941176405e-01 1.667508842849924067e-02
9.696969696969697239e-01 1.616978271854472085e-02
9.687500000000000000e-01 1.566447700859019757e-02
9.642857142857143016e-01 1.364325416877210789e-02
9.629629629629629095e-01 1.313794845881758461e-02
9.615384615384615641e-01 1.263264274886306132e-02
9.615384615384615641e-01 1.263264274886306132e-02
9.615384615384615641e-01 1.263264274886306132e-02
9.565217391304348116e-01 1.111672561899949493e-02
9.565217391304348116e-01 1.111672561899949493e-02
9.545454545454545858e-01 1.061141990904497165e-02
9.545454545454545858e-01 1.061141990904497165e-02
9.499999999999999556e-01 9.600808489135926813e-03
9.473684210526315264e-01 9.095502779181405262e-03
9.473684210526315264e-01 9.095502779181405262e-03
9.444444444444444198e-01 8.590197069226881976e-03
9.411764705882352811e-01 8.084891359272360425e-03
9.411764705882352811e-01 8.084891359272360425e-03
9.411764705882352811e-01 8.084891359272360425e-03
9.411764705882352811e-01 8.084891359272360425e-03
9.375000000000000000e-01 7.579585649317837140e-03
9.333333333333333481e-01 7.074279939363314722e-03
9.333333333333333481e-01 7.074279939363314722e-03
9.285714285714286031e-01 6.568974229408792304e-03
9.285714285714286031e-01 6.568974229408792304e-03
9.285714285714286031e-01 6.568974229408792304e-03
9.285714285714286031e-01 6.568974229408792304e-03
9.285714285714286031e-01 6.568974229408792304e-03
9.230769230769231282e-01 6.063668519454269885e-03
9.230769230769231282e-01 6.063668519454269885e-03
9.230769230769231282e-01 6.063668519454269885e-03
9.230769230769231282e-01 6.063668519454269885e-03
9.166666666666666297e-01 5.558362809499747467e-03
9.090909090909090606e-01 5.053057099545225049e-03
9.090909090909090606e-01 5.053057099545225049e-03
9.090909090909090606e-01 5.053057099545225049e-03
9.000000000000000222e-01 4.547751389590702631e-03
9.000000000000000222e-01 4.547751389590702631e-03
8.888888888888888395e-01 4.042445679636180213e-03
8.750000000000000000e-01 3.537139969681657361e-03
8.750000000000000000e-01 3.537139969681657361e-03
8.571428571428570953e-01 3.031834259727134943e-03
8.571428571428570953e-01 3.031834259727134943e-03
8.333333333333333703e-01 2.526528549772612525e-03
8.333333333333333703e-01 2.526528549772612525e-03
8.333333333333333703e-01 2.526528549772612525e-03
8.333333333333333703e-01 2.526528549772612525e-03
8.333333333333333703e-01 2.526528549772612525e-03
8.333333333333333703e-01 2.526528549772612525e-03
8.333333333333333703e-01 2.526528549772612525e-03
8.333333333333333703e-01 2.526528549772612525e-03
8.333333333333333703e-01 2.526528549772612525e-03
8.333333333333333703e-01 2.526528549772612525e-03
