9.263001569681645481e-03 9.959575543203638137e-01
4.837818305488245790e-02 5.750378979282465552e-01
1.721726549312756205e-01 3.607882769075290708e-01
3.516209476309227200e-01 2.849924204143506890e-01
4.918864097363083165e-01 2.450732693279434049e-01
5.466666666666666341e-01 2.071753410813542140e-01
5.789473684210526550e-01 1.889843355229914035e-01
5.975395430579965028e-01 1.718039413845376395e-01
6.114285714285714324e-01 1.622031328954017249e-01
6.255144032921811093e-01 1.536129358261748290e-01
6.373626373626373187e-01 1.465386558868115308e-01
6.418604651162790331e-01 1.394643759474482048e-01
6.567901234567901092e-01 1.344113188479029719e-01
6.622691292875989566e-01 1.268317331985851504e-01
6.703910614525139255e-01 1.212733703890853942e-01
6.856287425149700798e-01 1.157150075795856520e-01
7.056962025316455556e-01 1.126831733198585123e-01
7.176870748299319924e-01 1.066195048004042467e-01
7.240143369175626731e-01 1.020717534108135371e-01
7.378277153558052692e-01 9.954522486104093459e-02
7.346153846153846700e-01 9.651339060131379488e-02
7.379032258064516236e-01 9.247094492167760860e-02
7.500000000000000000e-01 8.943911066195048276e-02
7.743362831858406903e-01 8.842849924204143619e-02
7.706422018348624281e-01 8.489135927235977319e-02
7.746478873239436291e-01 8.337544214249620333e-02
7.843137254901960675e-01 8.084891359272360079e-02
7.871287128712871617e-01 8.034360788276907750e-02
7.897435897435897134e-01 7.781707933299646107e-02
7.978723404255319007e-01 7.579585649317836793e-02
8.010752688172042557e-01 7.529055078322384464e-02
8.076923076923077094e-01 7.427993936331481195e-02
8.089887640449437978e-01 7.276402223345124209e-02
8.160919540229885083e-01 7.175341081354219552e-02
8.273809523809523281e-01 7.023749368367862567e-02
8.333333333333333703e-01 6.821627084386053252e-02
8.417721518987342222e-01 6.720565942395148595e-02
8.441558441558441039e-01 6.568974229408792997e-02
8.503401360544217136e-01 6.316321374431531355e-02
8.461538461538461453e-01 6.114199090449722040e-02
8.450704225352112520e-01 6.063668519454269712e-02
8.540145985401459416e-01 5.912076806467913420e-02
8.496240601503759482e-01 5.709954522486104106e-02
8.560606060606060774e-01 5.709954522486104106e-02
8.549618320610686828e-01 5.659423951490651777e-02
8.549618320610686828e-01 5.659423951490651777e-02
8.538461538461538103e-01 5.608893380495199449e-02
8.559999999999999831e-01 5.406771096513390829e-02
8.617886178861788871e-01 5.356240525517938500e-02
8.666666666666666963e-01 5.255179383527033843e-02
8.644067796610169774e-01 5.154118241536129186e-02
8.644067796610169774e-01 5.154118241536129186e-02
8.771929824561403022e-01 5.053057099545224529e-02
8.750000000000000000e-01 4.951995957554320565e-02
8.828828828828828579e-01 4.951995957554320565e-02
8.807339449541284893e-01 4.850934815563415908e-02
8.807339449541284893e-01 4.850934815563415908e-02
8.971962616822429792e-01 4.850934815563415908e-02
8.962264150943396457e-01 4.800404244567963580e-02
8.962264150943396457e-01 4.800404244567963580e-02
8.962264150943396457e-01 4.800404244567963580e-02
8.952380952380952772e-01 4.749873673572511251e-02
9.038461538461538547e-01 4.749873673572511251e-02
9.019607843137255054e-01 4.648812531581606594e-02
9.009900990099010132e-01 4.598281960586154959e-02
9.090909090909090606e-01 4.547751389590702631e-02
9.166666666666666297e-01 4.446690247599797974e-02
9.247311827956988806e-01 4.345629105608893317e-02
9.247311827956988806e-01 4.345629105608893317e-02
9.230769230769231282e-01 4.244567963617988660e-02
9.333333333333333481e-01 4.244567963617988660e-02
9.325842696629212947e-01 4.194037392622536331e-02
9.318181818181817677e-01 4.143506821627084696e-02
9.425287356321838672e-01 4.143506821627084696e-02
9.529411764705881804e-01 4.092976250631632368e-02
9.634146341463414309e-01 3.991915108640727711e-02
9.634146341463414309e-01 3.991915108640727711e-02
9.629629629629629095e-01 3.941384537645275382e-02
9.620253164556962222e-01 3.840323395654370725e-02
9.615384615384615641e-01 3.789792824658918396e-02
9.605263157894736725e-01 3.688731682668014433e-02
9.599999999999999645e-01 3.638201111672562105e-02
9.599999999999999645e-01 3.638201111672562105e-02
9.726027397260273988e-01 3.587670540677109776e-02
9.722222222222222099e-01 3.537139969681657448e-02
9.859154929577464976e-01 3.537139969681657448e-02
9.857142857142857650e-01 3.486609398686205119e-02
9.855072463768116409e-01 3.436078827690752791e-02
9.852941176470588758e-01 3.385548256695300462e-02
9.852941176470588758e-01 3.385548256695300462e-02
9.852941176470588758e-01 3.385548256695300462e-02
9.850746268656715987e-01 3.335017685699848133e-02
9.850746268656715987e-01 3.335017685699848133e-02
9.850746268656715987e-01 3.335017685699848133e-02
9.850746268656715987e-01 3.335017685699848133e-02
9.850746268656715987e-01 3.335017685699848133e-02
9.848484848484848619e-01 3.284487114704396499e-02
9.848484848484848619e-01 3.284487114704396499e-02
9.846153846153846700e-01 3.233956543708944170e-02
9.843750000000000000e-01 3.183425972713491842e-02
